0.067379 0.407622 1.652989 4.493290 8.187308 10.000000 8.187308 4.493290 1.652989 0.407622 
0.407622 0.860184 2.450456 4.920148 7.246645 8.187308 7.246645 4.920148 2.450456 0.860184 
0.860184 1.429039 2.890166 4.848550 6.553728 7.246645 6.553728 4.848550 2.890166 1.429039 
1.429039 1.875175 3.138795 4.721947 6.047598 6.553728 6.047598 4.721947 3.138795 1.875175 
1.875175 2.283917 3.298561 4.593196 5.637837 6.047598 5.637837 4.593196 3.298561 2.283917 
2.283917 2.586868 3.438556 4.468199 5.320397 5.637837 5.320397 4.468199 3.438556 2.586868 
2.586868 2.861237 3.527534 4.379477 5.053018 5.320397 5.053018 4.379477 3.527534 2.861237 
2.861237 3.057201 3.620357 4.290276 4.849937 5.053018 4.849937 4.290276 3.620357 3.057201 
3.057201 3.240797 3.673738 4.235147 4.671647 4.849937 4.671647 4.235147 3.673738 3.240797 
3.240797 3.365470 3.737972 4.172693 4.542542 4.671647 4.542542 4.172693 3.737972 3.365470 
